2.2727272727272727e-09
3.3324801199555632e-09
4.886386449955581e-09
7.164865709274777e-09
1.0505779916856185e-08
1.5404533195722723e-08
2.2587532278054278e-08
3.311990100120702e-08
4.8563421131024246e-08
7.120811960951402e-08
1.044118429103743e-07
1.5309817194616815e-07
2.244865103413433e-07
3.2916260648071946e-07
4.826482506250917e-07
7.077029080613574e-07
1.0376985836576538e-06
1.5215683562398778e-06
2.231062371262057e-06
3.2713872393891584e-06
4.7968064935739005e-06
7.033515402807869e-06
1.0313182111433727e-05
1.5122128718327065e-05
2.2173445063102982e-05
3.251272854003574e-05
4.767312946227964e-05
6.99026927232105e-05
0.00010249770688584301
0.00015029149103676587
0.00022037109867454092
0.0003231282143520963
0.0004738000742310444
0.0006947289044117072
0.0010186749155926304
0.001493674118160335
0.0021901612939630483
0.0032114143475163253
0.004708868766816817
0.006904573083274554
0.010124115116188805
0.014844901437009984
0.02176694912547564
0.031916687102401954
0.04679915911598253
0.06862119764924554
0.10061866186840697
0.14753626376411874
0.21633113302523627
0.31720444805898806
0.4651141075319441
0.6819927474188744
1.0000000000000009
