1.00000000e-08
1.44543977e-08
2.08929613e-08
3.01995172e-08
4.36515832e-08
6.30957344e-08
9.12010839e-08
1.31825674e-07
1.90546072e-07
2.75422870e-07
3.98107171e-07
5.75439937e-07
8.31763771e-07
1.20226443e-06
1.73780083e-06
2.51188643e-06
3.63078055e-06
5.24807460e-06
7.58577575e-06
1.09647820e-05
1.58489319e-05
2.29086765e-05
3.31131121e-05
4.78630092e-05
6.91830971e-05
1.00000000e-04
1.44543977e-04
2.08929613e-04
3.01995172e-04
4.36515832e-04
6.30957344e-04
9.12010839e-04
1.31825674e-03
1.90546072e-03
2.75422870e-03
3.98107171e-03
5.75439937e-03
8.31763771e-03
1.20226443e-02
1.73780083e-02
2.51188643e-02
3.63078055e-02
5.24807460e-02
7.58577575e-02
1.09647820e-01
1.58489319e-01
2.29086765e-01
3.31131121e-01
4.78630092e-01
6.91830971e-01
1.00000000e+00
