1.00000000e+01
1.20226443e+01
1.44543977e+01
1.73780083e+01
2.08929613e+01
2.51188643e+01
3.01995172e+01
3.63078055e+01
4.36515832e+01
5.24807460e+01
6.30957344e+01
7.58577575e+01
9.12010839e+01
1.09647820e+02
1.31825674e+02
1.58489319e+02
1.90546072e+02
2.29086765e+02
2.75422870e+02
3.31131121e+02
3.98107171e+02
4.78630092e+02
5.75439937e+02
6.91830971e+02
8.31763771e+02
1.00000000e+03
1.20226443e+03
1.44543977e+03
1.73780083e+03
2.08929613e+03
2.51188643e+03
3.01995172e+03
3.63078055e+03
4.36515832e+03
5.24807460e+03
6.30957344e+00
7.58577575e+03
9.12010839e+03
1.09647820e+04
1.31825674e+04
1.58489319e+04
1.90546072e+04
2.29086765e+04
2.75422870e+04
3.31131121e+04
3.98107171e+04
4.78630092e+04
5.75439937e+04
6.91830971e+04
8.31763771e+04
0.00000000e+00
