0.05
0.24134615384615382
0.43269230769230765
0.6240384615384615
0.8153846153846154
1.0067307692307692
1.198076923076923
1.3894230769230769
1.5807692307692307
1.7721153846153845
1.9634615384615384
2.154807692307692
2.346153846153846
2.5374999999999996
2.7288461538461535
2.9201923076923073
3.111538461538461
3.302884615384615
3.494230769230769
3.6855769230769226
3.8769230769230765
4.06826923076923
4.259615384615384
4.450961538461538
4.642307692307692
4.833653846153846
5.0249999999999995
5.216346153846153
5.407692307692307
5.599038461538461
5.790384615384615
5.981730769230769
6.1730769230769225
6.364423076923076
6.55576923076923
6.747115384615384
6.938461538461538
7.129807692307692
7.3211538461538455
7.512499999999999
7.703846153846153
7.895192307692307
8.086538461538462
8.277884615384615
8.46923076923077
8.660576923076924
8.851923076923077
9.04326923076923
9.234615384615385
9.42596153846154
9.617307692307692
9.808653846153845
10.0
